// Created with X3 Editor 2 (2.0.27.0)
// Plugin T File Editor (1.1.19.0)
55;38;
effects\weapons\bullet_ire;0;0;0;0;-1;8003;809;6;300;5200;997000;0;48;16;192;0.5;0.5;4.0;0;200;100;404;0;112;0;255;0;0;0;0;0;0;0;0;0;0;133;67;128;10000;25;1;0;10000;-100000;0;0;SS_BULLET_IRE;
effects\weapons\bullet_pac;0;0;0;0;-1;8013;1940;9;301;4200;1015000;0;96;16;192;0.5;0.5;3.0;0;200;100;971;0;112;0;255;0;0;0;0;0;0;1;0;0;0;320;160;128;10000;25;1;0;10000;-100000;0;0;SS_BULLET_PAC;
effects\weapons\bullet_md;575;0;0;0;-1;4953;953;7;302;4400;1005500;0;48;48;48;0.5;0.5;5.0;0;205;105;477;0;112;0;255;0;0;0;0;0;0;0;0;0;0;157;79;42;10000;25;1;0;10000;-100000;0;0;SS_BULLET_MD;
effects\weapons\bullet_prg;0;0;0;0;-1;8033;1463;8;303;3400;1225000;0;192;192;16;0.5;0.5;3.0;0;200;100;732;0;112;0;255;0;0;0;0;0;0;0;0;2;2;241;121;128;10000;25;1;0;10000;-100000;0;0;SS_BULLET_PRG;
effects\weapons\bullet_ebc;0;0;0;0;-1;8043;1452;7;304;4400;1225000;0;192;192;16;0.5;0.5;4.0;0;206;106;726;0;112;0;255;0;0;0;0;0;0;0;0;0;0;240;120;93;10000;25;1;0;10000;-100000;0;0;SS_BULLET_EBC;
effects\weapons\bullet_fbl;0;0;0;0;-1;8053;1709;8;305;3600;1179000;0;192;192;16;0.4;0.4;4.0;0;200;100;854;0;112;0;255;0;100;5000;0;0;0;44;12;0;0;282;141;128;10000;25;1;0;10000;-100000;0;0;SS_BULLET_FBL;
effects\weapons\bullet_hept;0;0;0;0;-1;8063;4946;31;306;5200;1072500;0;48;192;16;0.5;0.5;0.5;0;200;100;2473;0;112;0;255;0;0;0;0;0;0;0;0;0;0;816;408;128;10000;25;1;0;10000;-100000;0;0;SS_BULLET_HEPT;
effects\weapons\bullet_id;0;0;0;0;-1;4623;3905;37;307;4000;1130500;0;50;50;255;0.5;0.5;0.5;0;207;107;1302;0;112;0;255;0;15;1000;0;0;0;0;0;0;0;644;215;128;10000;25;1;0;10000;-100000;0;0;SS_BULLET_ID;
effects\weapons\bullet_pbe;0;0;0;0;-1;8083;1571;8;308;3500;1225000;0;91;118;129;0.5;0.5;0.5;0;204;104;786;0;112;0;255;0;0;0;0;0;0;0;0;0;0;259;130;128;10000;25;1;0;10000;-100000;0;0;SS_BULLET_PBE;
effects\weapons\bullet_pbg;0;0;0;0;-1;8093;4610;46;309;3600;1218000;0;200;128;255;0.5;0.5;0.6;0;205;105;2305;0;112;0;255;0;0;0;0;0;0;0;0;2;2;761;380;128;10000;25;1;0;10000;-100000;0;0;SS_BULLET_PBG;
effects\weapons\bullet_empc;0;0;0;0;-1;8103;2118;18;310;4600;1031500;0;192;192;0;0.5;0.5;1.0;0;206;106;1059;0;112;0;255;0;0;0;0;1000;2000;16;50;0;0;349;175;5;10000;25;1;0;10000;-100000;0;0;SS_BULLET_EMPC;
effects\weapons\bullet_cig;0;0;0;0;0;7933;12001;174;311;8400;717000;0;255;255;255;0.75;0.75;1.0;0;209;109;6001;0;112;0;255;0;0;0;0;0;0;0;0;0;0;1980;990;128;0;0;0;0;0;-100000;0;0;SS_BULLET_CIG;
effects\weapons\bullet_ipg;0;0;0;0;-1;8123;6995;83;312;5000;1243500;0;128;192;16;0.75;0.75;4.0;0;212;112;2332;0;112;0;255;0;20;2000;25;0;0;44;1;0;0;1154;385;128;10000;25;1;0;10000;-100000;0;0;SS_BULLET_IPG;
effects\weapons\bullet_isr;0;0;0;0;-1;8133;5632;48;313;4900;1288500;0;128;192;16;0.75;0.75;0.5;0;204;104;1444;0;112;0;255;0;0;0;32;0;0;0;0;0;0;929;238;128;10000;25;1;0;10000;-100000;0;0;SS_BULLET_ISR;
effects\weapons\bullet_maml;0;0;0;0;0;8143;3883;35;314;5000;1364000;0;255;255;255;0.75;0.75;1.0;0;209;109;1494;0;112;0;255;0;0;0;0;0;0;0;0;0;0;641;246;91;0;0;0;0;0;-100000;0;0;SS_BULLET_MAML;
effects\weapons\bullet_faa;0;0;0;0;-1;8153;6136;69;315;2200;2973500;0;255;255;255;2.0;2.0;2.0;0;215;115;2360;0;112;0;255;0;12;1000;0;0;0;44;10;0;0;1012;389;128;10000;25;1;0;10000;-100000;0;0;SS_BULLET_FAA;
effects\weapons\bullet_cfa;0;0;0;0;-1;8163;7814;93;316;2400;2771000;0;255;255;255;3.0;3.0;3.0;0;216;116;3006;0;112;0;255;0;25;2000;0;0;0;37;2;0;0;1289;496;128;10000;25;1;0;10000;-100000;0;0;SS_BULLET_CFA;
effects\weapons\bullet_palc;0;0;0;0;-1;8173;10889;143;317;2800;2740500;0;192;192;192;1.0;1.0;5.0;0;232;132;4188;0;112;0;255;0;0;0;0;0;0;0;0;0;0;1797;691;128;10000;25;1;0;10000;-100000;0;0;SS_BULLET_PALC;
effects\weapons\bullet_psg;0;0;0;0;-1;8183;3781;31;318;3400;1983500;0;200;128;255;0.75;0.75;2.0;0;209;109;1454;0;112;0;255;0;85;1000;0;0;0;0;0;0;0;624;240;128;10000;25;1;0;10000;-100000;0;0;SS_BULLET_PSG;
effects\weapons\bullet_scc;0;0;0;0;-1;8193;6885;87;319;2800;2598000;0;255;255;255;2.0;2.0;2.0;0;216;131;2648;0;112;0;255;0;0;0;0;0;0;0;0;0;0;1136;437;128;10000;25;1;0;10000;-100000;0;0;SS_BULLET_SSC;
effects\weapons\bullet_ppc;0;0;0;0;-1;8203;13621;331;320;17400;633500;0;192;192;0;1.0;1.0;5.0;0;232;132;6810;0;112;0;255;0;0;0;0;0;0;0;0;4;4;2247;1124;128;10000;25;1;0;10000;-100000;0;0;SS_BULLET_PPC;
effects\weapons\bullet_ic;0;0;0;0;-1;8213;14984;343;321;13800;699000;0;192;192;0;1.0;1.0;5.0;0;221;121;4995;0;112;0;255;0;10;2000;20;0;0;0;0;0;0;2472;824;128;10000;25;1;0;10000;-100000;0;0;SS_BULLET_IC;
effects\weapons\bullet_gc;0;0;0;0;-1;8223;3922;79;322;4000;2373500;0;192;192;0;1.0;1.0;2.0;0;226;126;1961;0;112;0;255;0;0;0;0;0;0;44;5;0;0;647;324;94;10000;25;1;0;10000;-100000;0;0;SS_BULLET_GC;
effects\weapons\bullet_ibl;0;0;0;0;-1;8233;9523;206;323;14200;649500;0;192;192;0;1.0;1.0;5.0;0;223;123;4761;0;112;0;255;700;0;0;0;0;0;0;0;2;2;1571;786;128;10000;25;1;0;10000;-100000;0;0;SS_BULLET_IBL;
effects\weapons\bullet_psp;0;0;0;0;-1;8243;14739;375;324;17800;604500;0;192;192;0;1.0;1.0;5.0;0;222;122;7369;0;112;0;255;5000;0;0;0;0;0;0;0;2;2;2432;1216;128;10000;25;1;0;10000;-100000;0;0;SS_BULLET_PSP;
525;0;0;0;0;-1;8253;9032;91;0;1600;4687500;2;128;0;255;1.0;1.0;8.0;0;18;0;4516;0;0;0;0;0;0;0;60;0;0;0;0;0;0;1490;745;128;10000;25;1;0;10000;-100000;0;0;SS_BULLET_PBC;
effects\weapons\bullet_push;0;0;0;0;-1;8263;3219;59;326;3600;1849500;0;192;192;192;1.0;1.0;5.0;0;232;132;1610;0;112;0;255;0;0;0;10;0;0;0;0;0;0;531;266;128;10000;25;1;0;10000;-100000;0;0;SS_BULLET_TBC;
effects\weapons\bullet_fbc;0;0;0;0;-1;8273;3935;75;327;5400;1459500;0;0;50;192;1.0;1.0;5.0;0;219;112;1968;0;112;0;255;0;20;2000;0;0;0;0;0;0;0;649;325;128;10000;25;1;0;10000;-100000;0;0;SS_BULLET_FBC;
effects\weapons\bullet_fbc;0;0;0;0;-1;76084;25752;9;329;5700;1000000;0;255;255;255;1.0;1.0;8.0;0;18;129;12876;0;112;0;255;0;0;0;0;0;0;37;12;0;0;4249;2125;128;10000;25;1;0;10000;-100000;0;0;SS_BULLET_RG;
effects\weapons\bullet_apc;0;0;0;0;-1;9507;1608;6;330;3800;1163500;0;128;0;255;0.4;0.4;6.0;0;203;103;804;0;112;0;255;0;0;0;0;0;0;0;0;0;0;265;133;5;10000;25;1;0;10000;-100000;0;0;SS_BULLET_APC;
effects\weapons\bullet_grc;0;0;0;0;-1;9501;5972;48;331;4400;1287500;0;128;0;255;0.75;0.75;8.0;0;231;131;2297;0;112;0;255;0;0;0;0;0;0;0;0;0;0;985;379;128;10000;25;1;0;10000;-100000;0;0;SS_BULLET_GRC;
effects\weapons\bullet_paa;0;0;0;0;-1;9503;6612;136;332;9800;840500;0;128;0;255;1.0;1.0;8.0;0;222;122;3306;0;112;0;255;0;0;0;0;0;0;0;0;0;0;1091;545;128;10000;25;1;0;10000;-100000;0;0;SS_BULLET_PAA;
effects\weapons\bullet_akyon;0;0;0;0;-1;4643;2954;14;333;2800;1683500;0;128;0;255;0.965;0.965;6.0;0;233;133;1477;0;112;0;255;0;0;0;0;0;0;0;0;0;0;487;244;128;10000;25;1;0;10000;-100000;0;0;SS_BULLET_AKE;
effects\weapons\bullet_bkyon;0;0;0;0;-1;4653;26814;131;337;8600;844500;0;255;255;255;1.0;1.0;8.0;0;233;133;13407;0;112;0;255;0;0;0;0;0;0;0;0;0;0;4424;2212;128;10000;25;1;0;10000;-100000;0;0;SS_BULLET_BKE;
effects\weapons\bullet_gkyon;0;0;0;0;-1;4663;117662;1495;335;18600;738500;0;255;255;0;1.0;1.0;8.0;0;235;135;58831;0;112;0;255;0;0;0;0;0;0;0;0;0;0;19414;9707;128;10000;25;1;0;10000;-100000;0;0;SS_BULLET_GKE;
effects\weapons\bullet_Repair;0;0;0;0;-1;6713;0;0;336;1000;1500000;162;255;150;1;1.0;1.0;5.0;0;236;136;1000;0;122;0;255;0;0;0;0;0;0;0;0;0;0;0;0;128;10000;25;1;0;10000;-100000;0;0;SS_BULLET_RL;
effects\weapons\bullet_pg;0;0;0;0;-1;9505;1385;10;328;4000;1163500;0;255;255;255;0.5;0.5;6.0;0;207;107;693;0;112;0;255;0;0;0;0;0;0;0;12;0;0;229;114;128;10000;25;1;0;10000;-100000;0;0;SS_BULLET_PG;
effects\weapons\bullet_mds;0;0;0;0;-1;4633;8;1;337;7100;348500;0;255;150;1;2.0;2.0;5.0;0;237;137;4;0;112;0;255;0;0;0;0;0;0;0;0;0;0;2;1;128;10000;25;1;0;10000;-100000;0;0;SS_BULLET_MDS;
