0;0;0;0;0;0;0;bluedistance2;1;1;1;25;50;10;5;5;0;5;0;0;0;0;0;0;50000000;60000000;0;120;120;120;0;0;0;0;0;0;0;SS_BG_0;
0;0;0;0;0;0;0;bluedistance3;1;1;1;25;50;10;5;5;0;5;0;0;0;0;0;0;50000000;60000000;0;120;120;120;0;0;0;0;0;0;0;SS_BG_1;
0;0;0;0;0;0;0;bluenexus2;1;1;1;25;50;10;5;5;0;5;0;0;0;0;0;0;50000000;60000000;0;120;120;120;0;0;0;0;0;0;0;SS_BG_2;
0;0;0;0;0;0;0;bluenova;1;1;1;25;50;10;5;5;0;5;0;0;0;0;0;0;50000000;60000000;0;120;120;120;0;0;0;0;0;0;0;SS_BG_3;
0;0;0;0;0;0;0;bluewell;1;1;1;25;25;25;25;25;25;0;0;0;0;0;0;0;50000000;60000000;0;120;120;120;0;0;0;0;0;0;0;SS_BG_4;
0;0;0;0;0;0;0;brennanstriumph;2;1;1;40;50;30;30;30;30;12;11;0;0;0;0;0;50000000;60000000;0;120;120;120;0;0;0;0;0;0;0;SS_BG_5;
0;0;0;0;0;0;0;cyancorner2;1;1;1;25;50;10;5;5;0;5;0;0;0;0;0;0;50000000;60000000;0;120;120;120;0;0;0;0;0;0;0;SS_BG_6;
0;0;0;0;0;0;0;deepblue;1;1;1;25;50;10;5;5;0;5;0;0;0;0;0;0;50000000;60000000;0;120;120;120;0;0;0;0;0;0;0;SS_BG_7;
0;0;0;0;0;0;0;deepred2;1;1;1;25;50;10;5;5;0;5;0;0;0;0;0;0;50000000;60000000;0;120;120;120;0;0;0;0;0;0;0;SS_BG_8;
0;0;0;0;0;0;0;fogblue;1;1;1;25;50;10;13;12;8;8;10;0;0;0;0;0;50000000;60000000;0;120;120;120;0;0;0;0;0;0;0;SS_BG_9;
0;0;0;0;0;0;0;fogcyancorner;2;1;1;25;25;25;25;25;25;0;0;0;0;0;0;0;50000000;60000000;0;120;120;120;0;0;0;0;0;0;0;SS_BG_10;
0;0;0;0;0;0;0;fogdeepred;1;1;1;25;25;25;25;25;25;0;0;0;0;0;0;0;50000000;60000000;0;120;120;120;0;0;0;0;0;0;0;SS_BG_11;
0;0;0;0;0;0;0;fogparanid2;1;1;1;25;50;10;5;5;0;5;0;0;0;0;0;0;50000000;60000000;0;120;120;120;0;0;0;0;0;0;0;SS_BG_12;
0;0;0;0;0;0;0;fogparanid;1;1;1;1;1;1;1;1;1;1;1;0;0;0;0;0;50000000;60000000;0;120;120;120;0;0;0;0;0;0;0;SS_BG_13;
0;0;0;0;0;0;0;fogwhiteoutlands;1;1;1;25;25;25;25;25;25;0;0;0;0;0;0;0;50000000;60000000;0;120;120;120;0;0;0;0;0;0;0;SS_BG_14;
0;0;0;0;0;0;0;greenspot2;1;1;1;25;50;10;5;5;0;5;0;0;0;0;0;0;50000000;60000000;0;120;120;120;0;0;0;0;0;0;0;SS_BG_15;
0;0;0;0;0;0;0;greenvoid2;2;1;1;25;25;25;25;25;25;11;13;0;0;0;0;0;50000000;60000000;0;120;120;120;0;0;0;0;0;0;0;SS_BG_16;
0;0;0;0;0;0;0;midnightblue2;1;1;1;25;50;25;0;0;0;0;0;0;0;0;0;10;50000000;60000000;0;120;120;0;0;0;0;0;0;0;-1000000;SS_BG_17;
0;0;0;0;0;0;0;midnightblue;1;1;1;25;50;25;0;0;0;0;0;0;0;0;0;10;50000000;60000000;0;120;120;0;0;0;0;0;0;0;-1000000;SS_BG_18;
0;0;0;0;0;0;0;oppositered2;2;1;1;25;50;10;5;5;0;5;0;0;0;0;0;0;50000000;60000000;0;120;120;120;0;0;0;0;0;0;0;SS_BG_19;
0;0;0;0;0;0;0;oppositered3;2;1;1;25;50;10;5;5;0;5;0;0;0;0;0;0;50000000;60000000;0;120;120;120;0;0;0;0;0;0;0;SS_BG_20;
0;0;0;0;0;0;0;orangeblackhole;1;1;1;25;50;10;5;5;0;5;0;0;0;0;0;0;50000000;60000000;0;120;120;120;0;0;0;0;0;0;0;SS_BG_21;
0;0;0;0;0;0;0;orangenexus;1;1;1;25;50;10;5;5;0;5;0;0;0;0;0;0;50000000;60000000;0;120;120;120;0;0;0;0;0;0;0;SS_BG_22;
0;0;0;0;0;0;0;reddawn2;1;1;1;25;50;10;5;5;0;5;0;0;0;0;0;0;50000000;60000000;0;120;120;120;0;0;0;0;0;0;0;SS_BG_23;
0;0;0;0;0;0;0;reddawn;1;1;1;25;50;10;5;5;0;5;0;0;0;0;0;0;50000000;60000000;0;120;120;120;0;0;0;0;0;0;0;SS_BG_24;
0;0;0;0;0;0;0;redfire;1;1;1;25;25;20;21;20;15;0;0;0;0;0;0;0;50000000;60000000;0;120;120;120;0;0;0;0;0;0;0;SS_BG_25;
0;0;0;0;0;0;0;rednexus;2;1;1;27;54;15;13;5;0;5;0;0;0;0;0;0;50000000;60000000;0;120;120;120;0;0;0;0;0;0;0;SS_BG_26;
0;0;0;0;0;0;0;redreef2;1;1;1;25;50;10;5;5;0;5;0;0;0;0;0;0;50000000;60000000;0;120;120;120;0;0;0;0;0;0;0;SS_BG_27;
0;0;0;0;0;0;0;supercluster2;1;1;1;25;50;10;5;5;0;5;0;0;0;0;0;0;50000000;60000000;0;120;120;120;0;0;0;0;0;0;0;SS_BG_28;
0;0;0;0;0;0;0;supercluster;2;1;1;25;50;10;5;5;0;5;0;0;0;0;0;0;50000000;60000000;0;120;120;120;0;0;0;0;0;0;0;SS_BG_29;
0;0;0;0;0;0;0;uranus;1;1;1;15;10;5;4;8;1;7;6;0;0;0;0;0;50000000;60000000;0;120;120;120;0;0;0;0;0;0;0;SS_BG_30;
0;0;0;0;0;0;0;whitenexus;1;1;1;25;25;25;25;25;25;0;0;0;0;0;0;0;50000000;60000000;0;120;120;120;0;0;0;0;0;0;0;SS_BG_31;
0;0;0;0;0;0;0;xtmearth;1;1;1;25;50;10;5;5;0;5;0;0;0;0;0;0;50000000;60000000;0;120;120;120;0;0;0;0;0;0;0;SS_BG_32;
0;0;0;0;0;0;0;litcube1;1;1;1;1;1;1;1;1;1;1;1;0;0;0;0;0;50000000;60000000;0;120;120;120;0;0;0;0;0;0;0;SS_BG_33;
0;0;0;0;0;0;0;litcube2;1;1;1;10;10;8;1;1;1;1;1;0;0;0;0;0;50000000;60000000;0;120;120;120;0;0;0;0;0;0;0;SS_BG_34;
0;0;0;0;0;0;0;litcube3;1;1;1;1;1;1;1;1;1;1;1;0;0;0;0;0;50000000;60000000;0;120;120;120;0;0;0;0;0;0;0;SS_BG_35;
0;0;0;0;0;0;0;litcube4;1;1;1;5;5;5;1;1;1;1;1;0;0;0;0;0;50000000;60000000;0;120;120;0;0;0;0;0;0;0;0;SS_BG_36;
0;0;0;0;0;0;0;litcube15;1;1;1;5;5;6;1;1;1;1;1;0;0;0;0;0;50000000;60000000;0;120;120;120;0;0;0;0;0;0;0;SS_BG_37;
0;0;0;0;0;0;0;litcube16;1;1;1;1;1;1;1;1;1;1;1;0;0;0;0;0;50000000;60000000;0;120;120;120;0;0;0;0;0;0;0;SS_BG_38;
0;0;0;0;0;0;0;litcube17;1;1;1;1;1;1;1;1;1;1;1;0;0;0;0;0;50000000;60000000;0;120;120;120;0;0;0;0;0;0;0;SS_BG_39;
0;0;0;0;0;0;0;litcube18;1;1;1;1;1;1;1;1;1;1;1;0;0;0;0;0;50000000;60000000;0;120;120;120;0;0;0;0;0;0;0;SS_BG_40;
0;0;0;0;0;0;0;litcube19;1;1;1;5;5;5;1;1;1;1;1;0;0;0;0;0;50000000;60000000;0;120;120;120;0;0;0;0;0;0;0;SS_BG_41;
0;0;0;0;0;0;0;litcube25;1;1;1;1;1;1;1;1;1;1;1;0;0;0;0;0;50000000;60000000;0;120;120;120;0;0;0;0;0;0;0;SS_BG_42;
0;0;0;0;0;0;0;litcube26;1;1;1;1;1;1;1;1;1;1;1;0;0;0;0;0;50000000;60000000;0;120;120;120;0;0;0;0;0;0;0;SS_BG_43;
0;0;0;0;0;0;0;litcube27;1;1;1;1;1;1;1;1;1;1;1;0;0;0;0;0;50000000;60000000;0;120;120;120;0;0;0;0;0;0;0;SS_BG_44;
0;0;0;0;0;0;0;litcube28;1;1;1;1;1;1;1;1;1;1;1;0;0;0;0;0;50000000;60000000;0;120;120;120;0;0;0;0;0;0;0;SS_BG_45;
0;0;0;0;0;0;0;litcube29;1;1;1;0;0;0;0;0;0;0;0;0;0;0;0;0;50000000;60000000;0;120;120;120;0;0;0;0;0;0;0;SS_BG_46;
0;0;0;0;0;0;0;litcube30;1;1;1;1;1;1;1;1;1;1;1;0;0;0;0;0;50000000;60000000;0;120;120;120;0;0;0;0;0;0;0;SS_BG_47;
0;0;0;0;0;0;0;litcube31;1;1;1;1;1;1;1;1;1;1;1;0;0;0;0;0;50000000;60000000;0;120;120;120;0;0;0;0;0;0;0;SS_BG_48;
0;0;0;0;0;0;0;litcube32;1;1;1;1;1;1;1;1;1;1;1;0;0;0;0;0;50000000;60000000;0;120;120;120;0;0;0;0;0;0;0;SS_BG_49;
0;0;0;0;0;0;0;litcube33;1;1;1;1;1;1;1;1;1;1;1;0;0;0;0;0;50000000;60000000;0;120;120;120;0;0;0;0;0;0;0;SS_BG_50;
0;0;0;0;0;0;0;litcube34;1;1;1;1;1;1;1;1;1;1;1;0;0;0;0;0;50000000;60000000;0;120;120;120;0;0;0;0;0;0;0;SS_BG_51;
0;0;0;0;0;0;0;litcube35;1;1;1;0;0;0;0;0;0;0;0;0;0;0;0;0;50000000;60000000;0;120;120;120;0;0;0;0;0;0;0;SS_BG_52;
0;0;0;0;0;0;0;litcube36;1;1;1;1;1;1;1;1;1;1;1;0;0;0;0;0;50000000;60000000;0;120;120;120;0;0;0;0;0;0;0;SS_BG_53;
0;0;0;0;0;0;0;litcube37;1;1;1;0;0;0;0;0;0;0;0;0;0;0;0;0;50000000;60000000;0;120;120;120;0;0;0;0;0;0;0;SS_BG_54;
0;0;0;0;0;0;0;litcube38;1;1;1;0;0;0;0;0;0;0;0;0;0;0;0;0;50000000;60000000;0;120;120;120;0;0;0;0;0;0;0;SS_BG_55;
0;0;0;0;0;0;0;litcube39;1;1;1;0;0;0;0;0;0;0;0;0;0;0;0;0;50000000;60000000;0;120;120;120;0;0;0;0;0;0;0;SS_BG_56;
0;0;0;0;0;0;0;litcube40;1;1;1;1;1;1;1;1;1;1;1;0;0;0;0;0;50000000;60000000;0;120;120;120;0;0;0;0;0;0;0;SS_BG_57;
0;0;0;0;0;0;0;litcube41;1;1;1;1;1;1;1;1;1;1;1;0;0;0;0;0;50000000;60000000;0;120;120;120;0;0;0;0;0;0;0;SS_BG_58;
0;0;0;0;0;0;0;litcube42;1;1;1;1;1;1;1;1;1;1;1;0;0;0;0;0;50000000;60000000;0;120;120;120;0;0;0;0;0;0;0;SS_BG_59;
0;0;0;0;0;0;0;litcube43;1;1;1;1;1;1;1;1;1;1;1;0;0;0;0;0;50000000;60000000;0;120;120;120;0;0;0;0;0;0;0;SS_BG_60;
0;0;0;0;0;0;0;litcube44;1;1;1;1;1;1;1;1;1;1;1;0;0;0;0;0;50000000;60000000;0;120;120;120;0;0;0;0;0;0;0;SS_BG_61;
0;0;0;0;0;0;0;litcube65;1;1;1;5;5;5;1;1;1;1;1;0;0;0;0;0;50000000;60000000;0;120;120;120;0;0;0;0;0;0;0;SS_BG_62;
0;0;0;0;0;0;0;litcube66;1;1;1;1;1;1;1;1;1;1;1;0;0;0;0;0;50000000;60000000;0;120;120;120;0;0;0;0;0;0;0;SS_BG_63;
0;0;0;0;0;0;0;litcube67;1;1;1;1;1;1;1;1;1;1;1;0;0;0;0;0;50000000;60000000;0;120;120;120;0;0;0;0;0;0;0;SS_BG_64;
0;0;0;0;0;0;0;litcube68;1;1;1;1;1;1;1;1;1;1;1;0;0;0;0;0;50000000;60000000;0;120;120;120;0;0;0;0;0;0;0;SS_BG_65;
0;0;0;0;0;0;0;litcube69;1;1;1;1;1;1;1;1;1;1;1;0;0;0;0;0;50000000;60000000;0;120;120;120;0;0;0;0;0;0;0;SS_BG_66;
0;0;0;0;0;0;0;litcube85;1;1;1;0;0;0;0;0;0;0;0;0;0;0;0;0;50000000;60000000;0;120;120;120;0;0;0;0;0;0;0;SS_BG_67;
0;0;0;0;0;0;0;litcube86;1;1;1;1;1;1;1;1;1;1;1;0;0;0;0;0;50000000;60000000;0;120;120;120;0;0;0;0;0;0;0;SS_BG_68;
0;0;0;0;0;0;0;litcube87;1;1;1;1;1;1;1;1;1;1;1;0;0;0;0;0;50000000;60000000;0;120;120;120;0;0;0;0;0;0;0;SS_BG_69;
0;0;0;0;0;0;0;litcube88;1;1;1;4;4;4;1;1;1;1;1;0;0;0;0;0;50000000;60000000;0;120;120;120;0;0;0;0;0;0;0;SS_BG_70;
0;0;0;0;0;0;0;litcube89;1;1;1;4;4;4;1;1;1;1;1;0;0;0;0;0;50000000;60000000;0;120;120;120;0;0;0;0;0;0;0;SS_BG_71;
0;0;0;0;0;0;0;litcube104;1;1;1;1;1;1;1;1;1;1;1;0;0;0;0;0;50000000;60000000;0;120;120;120;0;0;0;0;0;0;0;SS_BG_72;
0;0;0;0;0;0;0;litcube145;1;1;1;5;5;5;5;1;1;1;1;0;0;0;0;0;50000000;60000000;0;120;120;120;0;0;0;0;0;0;0;SS_BG_73;
0;0;0;0;0;0;0;litcube210;1;1;1;1;1;1;1;1;1;1;1;0;0;0;0;0;50000000;60000000;0;120;120;120;0;0;0;0;0;0;0;SS_BG_74;
0;0;0;0;0;0;0;litcube211;1;1;1;3;3;3;1;1;1;1;1;0;0;0;0;0;50000000;60000000;0;120;120;120;0;0;0;0;0;0;0;SS_BG_75;
0;0;0;0;0;0;0;litcube212;1;1;1;0;0;0;0;0;0;0;0;0;0;0;0;0;50000000;60000000;0;120;120;120;0;0;0;0;0;0;0;SS_BG_76;
0;0;0;0;0;0;0;litcube213;1;1;1;0;0;0;0;0;0;0;0;0;0;0;0;0;50000000;60000000;0;120;120;120;0;0;0;0;0;0;0;SS_BG_77;
0;0;0;0;0;0;0;litcube214;1;1;1;0;0;0;0;0;0;0;0;0;0;0;0;0;50000000;60000000;0;120;120;120;0;0;0;0;0;0;0;SS_BG_78;
0;0;0;0;0;0;0;litcube245;1;1;1;0;0;0;0;0;0;0;0;0;0;0;0;0;50000000;60000000;0;120;120;120;0;0;0;0;0;0;0;SS_BG_79;
0;0;0;0;0;0;0;litcube246;1;1;1;0;0;0;0;0;0;0;0;0;0;0;0;0;50000000;60000000;0;120;120;120;0;0;0;0;0;0;0;SS_BG_80;
0;0;0;0;0;0;0;litcube248;1;1;1;0;0;0;0;0;0;0;0;0;0;0;0;0;50000000;60000000;0;120;120;120;0;0;0;0;0;0;0;SS_BG_81;
0;0;0;0;0;0;0;terracorp001;1;1;1;0;0;0;0;0;0;0;0;0;0;0;0;0;50000000;60000000;0;120;120;120;0;0;0;0;0;0;0;SS_BG_82;
0;0;0;0;0;0;0;terracorp002;1;1;1;0;0;0;0;0;0;0;0;0;0;0;0;0;50000000;60000000;0;120;120;120;0;0;0;0;0;0;0;SS_BG_83;
0;0;0;0;0;0;0;terracorp003;1;1;1;0;0;0;0;0;0;0;0;0;0;0;0;0;50000000;60000000;0;120;120;120;0;0;0;0;0;0;0;SS_BG_84;
0;0;0;0;0;0;0;terracorp004;1;1;1;0;0;0;0;0;0;0;0;0;0;0;0;0;50000000;60000000;0;120;120;120;0;0;0;0;0;0;0;SS_BG_85;
0;0;0;0;0;0;0;terracorp005;1;1;1;0;0;0;0;0;0;0;0;0;0;0;0;0;50000000;60000000;0;120;120;120;0;0;0;0;0;0;0;SS_BG_86;
0;0;0;0;0;0;0;terracorp006;1;1;1;0;0;0;0;0;0;0;0;0;0;0;0;0;50000000;60000000;0;120;120;120;0;0;0;0;0;0;0;SS_BG_87;
0;0;0;0;0;0;0;terracorp007;1;1;1;0;0;0;0;0;0;0;0;0;0;0;0;0;50000000;60000000;0;120;120;120;0;0;0;0;0;0;0;SS_BG_88;
0;0;0;0;0;0;0;terracorp008;1;1;1;0;0;0;0;0;0;0;0;0;0;0;0;0;50000000;60000000;0;120;120;120;0;0;0;0;0;0;0;SS_BG_89;
0;0;0;0;0;0;0;terracorp009;1;1;1;0;0;0;0;0;0;0;0;0;0;0;0;0;50000000;60000000;0;120;120;120;0;0;0;0;0;0;0;SS_BG_90;
0;0;0;0;0;0;0;terracorp010;1;1;1;0;0;0;0;0;0;0;0;0;0;0;0;0;50000000;60000000;0;120;120;120;0;0;0;0;0;0;0;SS_BG_91;
0;0;0;0;0;0;0;terracorp011;1;1;1;0;0;0;0;0;0;0;0;0;0;0;0;0;50000000;60000000;0;120;120;120;0;0;0;0;0;0;0;SS_BG_92;
0;0;0;0;0;0;0;terracorp012;1;1;1;0;0;0;0;0;0;0;0;0;0;0;0;0;50000000;60000000;0;120;120;120;0;0;0;0;0;0;0;SS_BG_93;
0;0;0;0;0;0;0;terracorp013;1;1;1;0;0;0;0;0;0;0;0;0;0;0;0;0;50000000;60000000;0;120;120;120;0;0;0;0;0;0;0;SS_BG_94;
0;0;0;0;0;0;0;terracorp014;1;1;1;0;0;0;0;0;0;0;0;0;0;0;0;0;50000000;60000000;0;120;120;120;0;0;0;0;0;0;0;SS_BG_95;
0;0;0;0;0;0;0;terracorp015;1;1;1;0;0;0;0;0;0;0;0;0;0;0;0;0;50000000;60000000;0;120;120;120;0;0;0;0;0;0;0;SS_BG_96;
0;0;0;0;0;0;0;terracorp016;1;1;1;0;0;0;0;0;0;0;0;0;0;0;0;0;50000000;60000000;0;120;120;120;0;0;0;0;0;0;0;SS_BG_97;
0;0;0;0;0;0;0;terracorp017;1;1;1;0;0;0;0;0;0;0;0;0;0;0;0;0;50000000;60000000;0;120;120;120;0;0;0;0;0;0;0;SS_BG_98;
0;0;0;0;0;0;0;terracorp018;1;1;1;0;0;0;0;0;0;0;0;0;0;0;0;0;50000000;60000000;0;120;120;120;0;0;0;0;0;0;0;SS_BG_99;
0;0;0;0;0;0;0;terracorp019;1;1;1;0;0;0;0;0;0;0;0;0;0;0;0;0;50000000;60000000;0;120;120;120;0;0;0;0;0;0;0;SS_BG_100;
0;0;0;0;0;0;0;terracorp020;1;1;1;0;0;0;0;0;0;0;0;0;0;0;0;0;50000000;60000000;0;120;120;120;0;0;0;0;0;0;0;SS_BG_101;
0;0;0;0;0;0;0;terracorp021;1;1;1;0;0;0;0;0;0;0;0;0;0;0;0;0;50000000;60000000;0;120;120;120;0;0;0;0;0;0;0;SS_BG_102;
0;0;0;0;0;0;0;terracorp022;1;1;1;0;0;0;0;0;0;0;0;0;0;0;0;0;50000000;60000000;0;120;120;120;0;0;0;0;0;0;0;SS_BG_103;
0;0;0;0;0;0;0;terracorp023;1;1;1;0;0;0;0;0;0;0;0;0;0;0;0;0;50000000;60000000;0;120;120;120;0;0;0;0;0;0;0;SS_BG_104;
0;0;0;0;0;0;0;terracorp024;1;1;1;0;0;0;0;0;0;0;0;0;0;0;0;0;50000000;60000000;0;120;120;120;0;0;0;0;0;0;0;SS_BG_105;
0;0;0;0;0;0;0;terracorp025;1;1;1;0;0;0;0;0;0;0;0;0;0;0;0;0;50000000;60000000;0;120;120;120;0;0;0;0;0;0;0;SS_BG_106;
0;0;0;0;0;0;0;terracorp026;1;1;1;0;0;0;0;0;0;0;0;0;0;0;0;0;50000000;60000000;0;120;120;120;0;0;0;0;0;0;0;SS_BG_107;
0;0;0;0;0;0;0;terracorp027;1;1;1;0;0;0;0;0;0;0;0;0;0;0;0;0;50000000;60000000;0;120;120;120;0;0;0;0;0;0;0;SS_BG_108;
0;0;0;0;0;0;0;terracorp028;1;1;1;0;0;0;0;0;0;0;0;0;0;0;0;0;50000000;60000000;0;120;120;120;0;0;0;0;0;0;0;SS_BG_109;
0;0;0;0;0;0;0;terracorp029;1;1;1;0;0;0;0;0;0;0;0;0;0;0;0;0;50000000;60000000;0;120;120;120;0;0;0;0;0;0;0;SS_BG_110;
0;0;0;0;0;0;0;terracorp030;1;1;1;0;0;0;0;0;0;0;0;0;0;0;0;0;50000000;60000000;0;120;120;120;0;0;0;0;0;0;0;SS_BG_111;
0;0;0;0;0;0;0;terracorp031;1;1;1;0;0;0;0;0;0;0;0;0;0;0;0;0;50000000;60000000;0;120;120;120;0;0;0;0;0;0;0;SS_BG_112;
0;0;0;0;0;0;0;terracorp032;1;1;1;0;0;0;0;0;0;0;0;0;0;0;0;0;50000000;60000000;0;120;120;120;0;0;0;0;0;0;0;SS_BG_113;
0;0;0;0;0;0;0;terracorp033;1;1;1;0;0;0;0;0;0;0;0;0;0;0;0;0;50000000;60000000;0;120;120;120;0;0;0;0;0;0;0;SS_BG_114;
0;0;0;0;0;0;0;terracorp034;1;1;1;0;0;0;0;0;0;0;0;0;0;0;0;0;50000000;60000000;0;120;120;120;0;0;0;0;0;0;0;SS_BG_115;
0;0;0;0;0;0;0;terracorp035;1;1;1;0;0;0;0;0;0;0;0;0;0;0;0;0;50000000;60000000;0;120;120;120;0;0;0;0;0;0;0;SS_BG_116;
0;0;0;0;0;0;0;terracorp036;1;1;1;0;0;0;0;0;0;0;0;0;0;0;0;0;50000000;60000000;0;120;120;120;0;0;0;0;0;0;0;SS_BG_117;
0;0;0;0;0;0;0;terracorp037;1;1;1;0;0;0;0;0;0;0;0;0;0;0;0;0;50000000;60000000;0;120;120;120;0;0;0;0;0;0;0;SS_BG_118;
0;0;0;0;0;0;0;terracorp038;1;1;1;0;0;0;0;0;0;0;0;0;0;0;0;0;50000000;60000000;0;120;120;120;0;0;0;0;0;0;0;SS_BG_119;
0;0;0;0;0;0;0;terracorp039;1;1;1;0;0;0;0;0;0;0;0;0;0;0;0;0;50000000;60000000;0;120;120;120;0;0;0;0;0;0;0;SS_BG_120;
0;0;0;0;0;0;0;terracorp040;1;1;1;0;0;0;0;0;0;0;0;0;0;0;0;0;50000000;60000000;0;120;120;120;0;0;0;0;0;0;0;SS_BG_121;
0;0;0;0;0;0;0;terracorp041;1;1;1;0;0;0;0;0;0;0;0;0;0;0;0;0;50000000;60000000;0;120;120;120;0;0;0;0;0;0;0;SS_BG_122;
0;0;0;0;0;0;0;terracorp042;1;1;1;0;0;0;0;0;0;0;0;0;0;0;0;0;50000000;60000000;0;120;120;120;0;0;0;0;0;0;0;SS_BG_123;
0;0;0;0;0;0;0;terracorp043;1;1;1;0;0;0;0;0;0;0;0;0;0;0;0;0;50000000;60000000;0;120;120;120;0;0;0;0;0;0;0;SS_BG_124;
0;0;0;0;0;0;0;terracorp044;1;1;1;0;0;0;0;0;0;0;0;0;0;0;0;0;50000000;60000000;0;120;120;120;0;0;0;0;0;0;0;SS_BG_125;
0;0;0;0;0;0;0;terracorp045;1;1;1;0;0;0;0;0;0;0;0;0;0;0;0;0;50000000;60000000;0;120;120;120;0;0;0;0;0;0;0;SS_BG_126;
0;0;0;0;0;0;0;terracorp046;1;1;1;0;0;0;0;0;0;0;0;0;0;0;0;0;50000000;60000000;0;120;120;120;0;0;0;0;0;0;0;SS_BG_127;
0;0;0;0;0;0;0;terracorp047;1;1;1;0;0;0;0;0;0;0;0;0;0;0;0;0;50000000;60000000;0;120;120;120;0;0;0;0;0;0;0;SS_BG_128;
0;0;0;0;0;0;0;terracorp048;1;1;1;0;0;0;0;0;0;0;0;0;0;0;0;0;50000000;60000000;0;120;120;120;0;0;0;0;0;0;0;SS_BG_129;
0;0;0;0;0;0;0;terracorp049;1;1;1;0;0;0;0;0;0;0;0;0;0;0;0;0;50000000;60000000;0;120;120;120;0;0;0;0;0;0;0;SS_BG_130;
0;0;0;0;0;0;0;terracorp050;1;1;1;0;0;0;0;0;0;0;0;0;0;0;0;0;50000000;60000000;0;120;120;120;0;0;0;0;0;0;0;SS_BG_131;
